289 99 0 0.257644 
247 115 0 3.122428 
212 118 0 3.069118 
279 120 0 0.300134 
283 139 0 0.524260 
326 156 0 0.573405 
177 160 0 2.784765 
351 206 0 1.297747 
180 209 0 2.098825 
311 243 0 1.711782 
201 252 0 1.743875 
362 259 0 1.547145 
206 263 0 1.638291 
262 270 0 2.046359 
322 279 0 1.672179 
150 281 0 2.172909 
204 289 0 1.326355 
350 292 0 1.715611 
192 296 0 2.166686 
216 304 0 0.747894 
260 305 0 2.476026 
211 308 0 2.933516 
352 321 0 1.659022 
207 323 0 2.552880 
287 327 0 2.509415 
319 328 0 2.237655 
189 338 0 2.446599 
290 364 0 2.686346 
162 367 0 2.513887 
220 367 0 2.526565 
261 374 0 2.752926 
153 384 0 2.932336 
311 387 0 0.128419 
295 390 0 2.928402 
299 396 0 2.928402 
231 407 0 2.914287 
267 412 0 2.615286 
309 96 1 0.306614 
337 113 1 0.850062 
216 161 1 2.753930 
229 185 1 2.927608 
249 197 1 0.073721 
204 199 1 2.439117 
282 208 1 0.952846 
238 217 1 2.575360 
243 224 1 0.118673 
266 236 1 1.625277 
182 255 1 2.026184 
240 259 1 1.023347 
237 304 1 0.286860 
307 311 1 2.024177 
320 359 1 2.662578 
315 364 1 2.662578 
323 365 1 1.006020 
341 371 1 0.618298 
